%YAML:1.0
---
model_type: PINHOLE
camera_name: camera
image_width: 512
image_height: 384
distortion_parameters:
   k1: -0.03491918526 # -0.06983837053126551
   k2: 0.01533959662 # 0.030679193251357234
   p1: -0.01465913435 # -0.029318268716673087
   p2: 0.00419178173 # 0.008383563478792275
projection_parameters:
   fx: 272.8701 # 545.7402000594014
   fy: 273.231243697 # 546.4624873938807
   cx: 258.394922795 # 516.7898455908171
   cy: 199.844170744 # 399.68834148863493
